+617 (2492) 5308382
+308 (6885) 65-8 -79
+390 (5536)  2629800
+630 (1561)  59480-
+607 (8744) 414 565 
+169  862 34-6
+286 (4527) 3 25545
+191 (6997) 971 63934
+604  07506546
+223  2585 41878
+6 (1298) 84 -359 39
+885 (9043) 9786691151
+814  6 750606-
+163  5 01790
+774  041478288
+370  8928 413
+520 (6458) 428890 
+499 (3554) 10 11475-
+248 (7666) -934885
+245 (499) 872 6539
+624 (9922)  106802859
+189  -702441 
+158  661-192
+597  021 9105 
+184 (9268) 0-2480-
+936 (1524) 5 535143
+798 (9235) -822-13825
+344 (6924) 727-7 5
+107  0478111021
+122  3756538
+829  91 150748
+646 (8676) 110632040-
+461 (3386) 4645827-31
+270  59 80103
+841  015165 8
+438 (8481) 299-3166
+409  18533 2
+762  9  9679 35
+764 (4405) 79664-0
+389  968  50-5
+573  8543-6721
+374 (2841) 53228336 
+402  815 2756
+447  63362527
+185 (1785) -57 454-
+691  7 56054
+790 (8546)  17107962
+603 (5862) 3430447
+296 (3876) 8621-1 8-
+100  305- 0 
+993  77- 199-91
+404  -597389729
+980 (2245) -664746
+671 (1708) 17842- 
+332  55580 74 
+6 (4418) 0260668-
+381  261 ---18
+866  6646 -0 3
+243  038-075
+975  13 0616
+182  14-9875-
+710 (8946) 739 -3 1
+362   -6-10-826
+636 (1871) 878205503
+120 (2737) 731005 -0
+598 (3031) 4213-2-91 
+39 (1383) 0-2-14331
+832  5570626
+589 (4446) 66255-7020
+905 (5374) 713354052
+336 (4363) 9-020 99
+381  740-652
+493  2508434
+684  -29875888
+537 (7795) 7-13420
+224 (383) 1761484-1
+677 (9822)  00292160
+908 (2773) -55104616 
+946  2 -18 583
+672  65182 5022
+558 (3213) 9596 0315-
+749 (4179) 87 4 180 3
+19  9-180708
+264   30119985
+644 (8028) 699-18 89
+645  44- 833
+461 (8790) 217286--78
+351 (7262) 9  206-1
+966  9281-9 
+505 (4221) 9552-822
+285 (1913) 05- 251 8
+862 (5346) 7902-73
+656  - 9235 23
+515  302-65226
+61  4 0512413
+401  7981181
+821  -4-4518
+51  5 423-7
+361  735762 2
+109  76 72 35
+603  7524822
+425 (5060) 3-37 7 1
+674 (5259) 116328812
+350  84-44700
+665  --9837550
+573  6763-83 2
+973 (693) 3522809
+639 (2119) 697-569020
+330 (2945) 54-24-42-
+157  50218986
+483 (2407) 3394887
+521  497 7594
+367  7--3 5340
+755 (529) 583-- 20
+374  16342-0-
+940  -491915
+525  -8331534
+703  86-0989723
+33 (314) 57955 0578
+419 (169) 6-89 0 3-
+152  -364--4
+786 (2659) 6-6 5- 0 9
+376 (3044) 209900612 
+991 (1580) 830 1449
+494  131960-5
+643 (3846) 905327 -
+356  0463205679
+86 (3996) 0 224 2 
+461   998725  
+25    254-83 3
+672 (4426) 9027066368
+616  134737 17
+55 (9860) 6427922 
+316 (1685) 389- 68035
+481 (8145) 12193167
+390  5425 15
+553  -848 8817
+724 (2249) 5 -60-0
+264 (6998) 754 -25
+666 (1766) 54 705-
+429  3 02344
+226 (4277) 191-1- 2
+809 (3275) 5328427
+181  06 63757
+495 (5659) 36 9216
+788  2623574 
+588 (194) 9-7 5585
+83  6343033169
+808 (4212) 37-2447
+883  5450051 6
+702 (3451) 1-16778 2
+311  180299377 
+175  49878 497
+527 (1266) 650143 
+443  0826--0
+143  55 1 88
+101  1282 6 
+274  09486000
+290 (5450) -1532200
+324  9 41-3-
+513 (6038) 7-  05-72
+884 (9542) 3851757-0
+996 (131) 848098 
+714 (1055)  8--674
+241 (1970) 32986859
+209 (3695) 57202805 5
+469 (7619) 46  89750
+459 (6105) 5760345
+787 (6780) 8870160 31
+946 (5657)  2 6894
+453  48-0869
+657 (2318) 16907-6142
+490  7-6237 -5 
+383 (7740) 8002539366
+537 (358)  9 -9 32
+216  4869372885
+374  81- 54-31-
+648  55699-4
+564  6331907521
+255  0974958
+411  -7 30706
+234 (6002) 1110227455
+815 (7545) 911-89-96
+126  4 -17438
+723   323153 3
+487  0 -8255648
+804  79974498
+436 (7655) 4 11978268
+934 (7804) 1-1 770
+256 (5807) 04823033
+47  544707266
+864 (8395) 8137883043
+467 (2099) 02108542
+959 (9754) 9087354
+176  9  412573
+905  74267999
+499 (1469) 15 542-54
+410 (6953) 5308055-5
+243  8706650 
+494 (9410) -4895567
